$ANSIBLE_VAULT;1.1;AES256
31326430376437353632336434353237326638613736363134646437366231396234313136633035
3832636430343763643638393037663061376661616132370a343563316464333633653565643761
31363963316531313637646664663362313264633162316565376263343666666135303538626163
3037373465626231390a383462363362303066313663633235363134373264393464656336613761
62383537353434313132353862313230383234336233393037643534373063343537626536316637
36663263343862613033353435353332306330393037633839303031613731343735393739326564
31663566616262383231323937343435653536376261356232616362663538316665376665303037
31303038343737383432363062613238623332633164383864306562383566376261363335316533
34396162346231313931343839356561346431376436616665323730646231316130633332613939
33623435383861396137303038333265336265653965393564393761306132636361363335363034
63346534373531616337343038316530313837393730303139363861303539656564633630336562
35323564353366393765393230386230636438666237396466646334326563336130393537316330
66346661396639623633316230623761626661366363393736323366323931313034333337353131
66653039376465626566313238323735313437303639343539363563653462346662633432636538
34363735313138326239656261633466343965383266376539616436613961306138363461633130
33343264636662653564633265303365616239303163663566366136313337353866613362653635
6638
