$ANSIBLE_VAULT;1.1;AES256
62326132336336336435376164396238373135353465383664376430623533656361393865356266
6365343835643265313163633738373132323333363939320a306536353230633735386533663962
37663830356566613062656333343339343631386332383261333136623338336438666136356534
3164366635313136340a353331383066666161346534346665623430376539646639373538626261
32346439633735363539633762666435643864353636303438666363323435323861396639343830
33653031336231383134653362306664323665623062656139323638626464646533646633636631
64656633346666646430626161356233313933616139633466633139623035353135353735323630
39616232346565316264323665643231633830323231396131323662663136633235376166366237
33323632623736306332316430656162643635366362336238633262363965653365633935613231
31306631616663393665383464626533623835366666656134373463626261316164623461643430
38653963316161643935346632333265346533346332653136363436623139313063633161386166
39383336636533306364623261353631356532326439323562636239636238356531353139626339
63613665366263316337646363633631663132656363343932356434303864643634656365373239
65326431343938633264366332366566343565613132396238303666663266326535343537663361
61356561386231343335653266623837303839356538303235393936623264616637663433646464
63396364396137626531363263353061666563353131363962303162303138363033373733653436
36666537373932316363633966373536633463363239366466663838633530303631363038653937
33306536333038623663386439666132643936393066356234316362383066653165376237336236
33646364386134323862333930326266656433363635656639663031383862396561376437386539
61636536303765656139653861366663376531343066626531376362663864326338633261666137
66376562653763383063633133646561666230356232346237316232343234386335666663336631
65646530613964383232633363306339323864373737626234386335323633306530353832386137
34323861613262653031623666643564356166326138366235396634313233633262626431363363
61393134326635396638366235333837656533373735313061346661306665356663653663313232
3630
